NAME: route
TYPE: ATSP
COMMENT: route
DIMENSION: 140
EDGE_WEIGHT_TYPE: EXPLICIT
EDGE_WEIGHT_FORMAT: FULL_MATRIX
EDGE_WEIGHT_SECTION
 147690 0 147690 147690 147690 147690 147690 147690 147690 147690 147690 147690 147690 147690 157957 157115 156425 155961 155727 155656 155652 155652 155689 155856 156234 156846 157641 158526 154573 153751 153154 152850 152757 152749 152749 152779 152945 153355 154026 154868 155762 155467 155895 155199 154736 154509 154444 154441 154442 154484 154667 155071 155713 156529 157419 156743 156767 156246 155955 155846 155832 155832 155849 155964 156264 156794 157528 158389 158356 157496 153208 152901 152795 152783 152783 152805 152940 153290 153892 154689 155576 155445 154560 153776 157210 158073 157249 156595 156180 155991 155800 155643 155613 155613 155620 155705 155971 156479 155767 156659 155993 155539 154646 153955 153624 153529 153521 153522 153554 153736 154185 154902 157764 157100 156658 156436 156369 156365 156366 156404 156571 156943 157543 158326 159207 158589 155733 155018 154535 154294 154222 154218 154218 154257 154430 154826 155462 156276 157166 156591
 147690 147690 0 147690 147690 147690 147690 147690 147690 147690 147690 147690 147690 147690 157250 156425 155768 155343 155141 155088 155086 155088 155139 155336 155754 156402 157219 158110 153909 153154 152656 152429 152373 152371 152373 152429 152651 153129 153850 154712 155604 154789 155388 154736 154323 154135 154089 154088 154091 154151 154369 154815 155491 156326 157104 156212 156443 155955 155692 155601 155592 155592 155615 155749 156076 156630 157382 158251 157992 157146 153065 152795 152709 152701 152702 152731 152886 153258 153875 154679 155567 155198 154328 153583 156377 157249 157648 156755 155929 155288 154906 154751 154723 154723 154731 154821 155100 155628 155113 155993 155939 155530 154633 153067 152739 152660 152656 152657 152703 152928 153451 154228 157292 156658 156250 156054 156002 156000 156002 156052 156243 156645 157272 158073 158959 158099 155204 154535 154106 153907 153857 153855 153857 153914 154124 154565 155238 156072 156932 156038
 147690 147690 147690 0 147690 147690 147690 147690 147690 147690 147690 147690 147690 147690 156762 155961 155343 154960 154789 154751 154750 154754 154823 155051 155504 156182 157015 157649 153533 152850 152429 152252 152215 152215 152220 152298 152558 153073 153815 154684 155276 154382 155122 154509 154135 153973 153938 153938 153944 154019 154261 154733 155428 156272 156808 155921 156313 155846 155601 155520 155513 155513 155542 155687 156027 156594 157354 158226 157830 156996 153041 152783 152701 152695 152695 152726 152884 153258 153875 154679 155567 155126 154265 153541 155712 156595 156755 155862 155041 154418 154062 153930 153910 153910 153924 154036 154354 154929 154724 155539 155530 155616 154746 152205 151975 151935 151935 151941 152030 152356 152992 153830 157044 156436 156054 155879 155836 155835 155838 155899 156108 156531 157175 157987 158715 157833 154921 154294 153907 153737 153700 153700 153704 153776 154013 154481 155174 156018 156620 155730
 147690 147690 147690 147690 0 147690 147690 147690 147690 147690 147690 147690 147690 147690 156505 155727 155141 154789 154640 154610 154610 154617 154699 154948 155424 156118 156960 157385 153396 152757 152373 152215 152186 152185 152193 152280 152551 153071 153814 154684 155112 154219 155035 154444 154089 153938 153909 153909 153916 153997 154248 154727 155425 156270 156700 155818 156290 155832 155592 155513 155506 155506 155536 155683 156026 156594 157354 158225 157795 156965 153041 152783 152702 152695 152695 152727 152886 153264 153890 154702 155592 155122 154262 153540 155288 156180 155929 155041 154250 153682 153384 153287 153278 153278 153304 153456 153835 154469 154573 154646 154633 154746 155183 151601 151480 151468 151468 151492 151656 152094 152814 153683 156962 156369 156002 155836 155797 155797 155801 155866 156084 156514 157164 157978 158618 157739 154825 154222 153857 153700 153668 153668 153674 153752 153998 154474 155171 156016 156502 155617
 147690 147690 147690 147690 147690 0 147690 147690 147690 147690 147690 147690 147690 147690 156420 155656 155088 154751 154610 154584 154584 154593 154679 154936 155417 156114 156957 157295 153376 152749 152371 152215 152185 152185 152193 152280 152551 153073 153820 154692 155080 154190 155028 154441 154088 153938 153909 153908 153915 153997 154248 154727 155426 156272 156686 155806 156290 155832 155592 155513 155506 155507 155537 155684 156028 156598 157361 158234 157794 156965 153052 152805 152731 152726 152727 152764 152941 153349 154010 154844 155738 155122 154263 153544 155097 155991 155288 154418 153682 153190 152955 152891 152888 152889 152936 153134 153572 154255 154549 153955 153067 152205 151601 151331 151263 151260 151262 151312 151535 152035 152785 153662 156954 156365 156000 155835 155797 155796 155800 155866 156083 156514 157164 157978 158606 157728 154816 154218 153855 153700 153668 153668 153674 153752 153998 154474 155172 156018 156485 155602
 147690 147690 147690 147690 147690 147690 0 147690 147690 147690 147690 147690 147690 147690 156413 155652 155086 154750 154610 154584 154584 154593 154679 154936 155417 156115 156959 157286 153376 152749 152373 152220 152193 152193 152201 152294 152581 153130 153903 154785 155080 154189 155028 154442 154091 153944 153916 153915 153923 154008 154266 154758 155470 156323 156686 155806 156301 155849 155615 155542 155536 155537 155570 155726 156083 156668 157442 158320 157799 156972 153155 152940 152886 152884 152886 152941 153158 153626 154344 155207 156055 155161 154311 153613 155053 155800 154906 154062 153384 152955 152764 152719 152718 152722 152787 153019 153493 154200 154504 153624 152739 151975 151480 151263 151214 151212 151215 151279 151523 152033 152785 153662 156954 156366 156002 155838 155801 155800 155805 155872 156093 156529 157185 158004 158606 157729 154816 154218 153857 153704 153674 153674 153681 153762 154016 154504 155216 156069 156485 155602
 147690 147690 147690 147690 147690 147690 147690 0 147690 147690 147690 147690 147690 147690 156413 155652 155088 154754 154617 154593 154593 154602 154692 154956 155448 156157 157007 157286 153390 152779 152429 152298 152280 152280 152294 152411 152748 153362 154182 155074 155087 154197 155056 154484 154151 154019 153997 153997 154008 154107 154391 154915 155655 156521 156703 155826 156396 155964 155749 155687 155683 155684 155726 155901 156284 156896 157690 158574 157869 157050 153457 153290 153258 153258 153264 153349 153626 154172 154948 155831 156232 155339 154510 153857 155052 155643 154751 153930 153287 152891 152719 152683 152682 152687 152761 153005 153487 154198 154419 153529 152660 151935 151468 151260 151212 151211 151214 151279 151523 152035 152795 153675 156983 156404 156052 155899 155866 155866 155872 155947 156183 156638 157312 158142 158626 157751 154840 154257 153914 153776 153752 153752 153762 153858 154138 154661 155401 156269 156500 155619
 147690 147690 147690 147690 147690 147690 147690 147690 0 147690 147690 147690 147690 147690 156441 155689 155139 154823 154699 154679 154679 154692 154795 155082 155602 156334 157197 157310 153507 152945 152651 152558 152551 152551 152581 152748 153171 153875 154742 155632 155172 154288 155205 154667 154369 154261 154248 154248 154266 154391 154717 155288 156063 156943 156823 155953 156666 156264 156076 156027 156026 156028 156083 156284 156702 157347 158161 158983 158096 157293 154017 153892 153875 153875 153890 154010 154344 154948 155757 156648 156632 155745 154950 154355 155055 155613 154723 153910 153278 152888 152718 152682 152682 152687 152761 153005 153488 154200 154413 153521 152656 151935 151468 151262 151215 151214 151218 151287 151546 152100 152904 153796 157127 156571 156243 156108 156084 156083 156093 156183 156443 156929 157629 158474 158750 157880 154980 154430 154124 154013 153998 153998 154016 154138 154463 155036 155814 156696 156611 155737
 147690 147690 147690 147690 147690 147690 147690 147690 147690 0 147690 147690 147690 147690 156586 155856 155336 155051 154948 154936 154936 154956 155082 155404 155964 156727 157602 157447 153843 153355 153129 153073 153071 153073 153130 153362 153875 154649 155536 156332 155442 154574 155564 155071 154815 154733 154727 154727 154758 154915 155288 155905 156710 157599 157134 156280 157162 156794 156630 156594 156594 156598 156668 156896 157347 158019 158850 159422 158541 157759 154790 154689 154679 154679 154702 154844 155207 155831 156648 157540 157271 156395 155633 155086 155120 155613 154723 153910 153278 152889 152722 152687 152687 152692 152770 153023 153524 154255 154413 153522 152657 151941 151492 151312 151279 151279 151287 151382 151715 152408 153301 154173 157469 156943 156645 156531 156514 156514 156529 156638 156929 157447 158174 159032 159059 158199 155328 154826 154565 154481 154474 154474 154504 154661 155036 155658 156468 157358 156911 156052
 147690 147690 147690 147690 147690 147690 147690 147690 147690 147690 0 147690 147690 147690 156934 156234 155754 155504 155424 155417 155417 155448 155602 155964 156564 157354 158238 157780 154446 154026 153850 153815 153814 153820 153903 154182 154742 155536 156425 156857 155963 155121 156164 155713 155491 155428 155425 155426 155470 155655 156063 156710 157532 158423 157681 156844 157871 157528 157382 157354 157354 157361 157442 157690 158161 158850 159688 160080 159206 158442 155670 155576 155567 155567 155592 155738 156055 156232 156632 157271 158087 157219 156476 155951 155353 155620 154731 153924 153304 152936 152787 152761 152761 152770 152864 153153 153701 154472 154448 153554 152703 152030 151656 151535 151523 151523 151546 151715 155255 154887 154805 154894 158038 157543 157272 157175 157164 157164 157185 157312 157629 158174 158920 159787 159592 158745 155919 155462 155238 155174 155171 155172 155216 155401 155814 156468 157294 158187 157448 156606
 147690 147690 147690 147690 147690 147690 147690 147690 147690 147690 147690 0 147690 147690 157515 156846 156402 156182 156118 156114 156115 156157 156334 156727 157354 158160 159049 158345 155251 154868 154712 154684 154684 154692 154785 155074 155632 156332 156857 157600 156708 155889 156954 156529 156326 156272 156270 156272 156323 156521 156943 157599 158423 159315 158432 157609 158720 158389 158251 158226 158225 158234 158320 158574 158983 159422 160080 160899 160030 159277 155941 155445 155198 155126 155122 155122 155161 155339 155745 156395 157219 158111 157370 156673 155834 155705 154821 154036 153456 153134 153019 153005 153005 153023 153153 153504 154123 154942 154627 153736 152928 152356 152094 152035 152033 152035 152100 152408 154887 155678 155628 155498 158801 158326 158073 157987 157978 157978 158004 158142 158474 159032 159787 160657 160326 159489 156705 156276 156072 156018 156016 156018 156069 156269 156696 157358 158187 159080 158192 157366
 147690 147690 147690 147690 147690 147690 147690 147690 147690 147690 147690 147690 0 147690 158289 157641 157219 157015 156960 156957 156959 157007 157197 157602 158238 159049 159938 159105 156141 155762 155604 155276 155112 155080 155080 155087 155172 155442 155963 156708 157578 156768 157838 157419 157104 156808 156700 156686 156686 156703 156823 157134 157681 158432 159301 158485 158948 158356 157992 157830 157795 157794 157799 157869 158096 158541 159206 160030 160606 159727 155048 154560 154328 154265 154262 154263 154311 154510 154950 155633 156476 157370 156649 155780 156554 155971 155100 154354 153835 153572 153493 153487 153488 153524 153701 154123 154809 155661 155059 154185 153451 152992 152814 152785 152785 152795 152904 153301 154805 155628 155950 155947 159674 159207 158959 158715 158618 158606 158606 158626 158750 159059 159592 160326 161186 160354 157589 157166 156932 156620 156502 156485 156485 156500 156611 156911 157448 158192 159060 158240
 147690 147690 147690 147690 147690 147690 147690 147690 147690 147690 147690 147690 147690 0 159167 158526 158110 157649 157385 157295 157286 157286 157310 157447 157780 158345 159105 159978 156318 155467 154789 154382 154219 154190 154189 154197 154288 154574 155121 155889 156768 157211 157488 156743 156212 155921 155818 155806 155806 155826 155953 156280 156844 157609 158485 158357 158077 157496 157146 156996 156965 156965 156972 157050 157293 157759 158442 159277 159727 158849 154219 153776 153583 153541 153540 153544 153613 153857 154355 155086 155951 156673 155780 154921 157373 156479 155628 154929 154469 154255 154200 154198 154200 154255 154472 154942 155661 156525 155750 154902 154228 153830 153683 153662 153662 153675 153796 154173 154894 155498 155947 156643 159291 158589 158099 157833 157739 157728 157729 157751 157880 158199 158745 159489 160354 160137 157352 156591 156038 155730 155617 155602 155602 155619 155737 156052 156606 157366 158240 158228
 0 147690 147690 147690 147690 147690 147690 147690 147690 147690 147690 147690 147690 147690 158807 157957 157250 156762 156505 156420 156413 156413 156441 156586 156934 157515 158289 159167 155424 154573 153909 153533 153396 153376 153376 153390 153507 153843 154446 155251 156141 156318 156625 155895 155388 155122 155035 155028 155028 155056 155205 155564 156164 156954 157838 157488 157322 156767 156443 156313 156290 156290 156301 156396 156666 157162 157871 158720 158948 158077 153580 153208 153065 153041 153041 153052 153155 153457 154017 154790 155670 155941 155048 154219 158103 157210 156377 155712 155288 155097 155053 155052 155055 155120 155353 155834 156554 157373 156601 155767 155113 154724 154573 154549 154504 154419 154413 154413 154448 154627 155059 155750 158453 157764 157292 157044 156962 156954 156954 156983 157127 157469 158038 158801 159674 159291 156481 155733 155204 154921 154825 154816 154816 154840 154980 155328 155919 156705 157589 157352
 154692 154795 155082 155602 156334 157197 157310 156441 155689 155139 154823 154699 154679 154679 147690 0 147690 147690 147690 147690 147690 147690 147690 147690 147690 147690 147690 147690 151077 151079 151139 151381 151920 152722 153615 154367 153480 152604 151858 151361 151134 151079 150552 150546 150547 150586 150785 151270 152039 152927 153804 153296 152404 151551 150932 150634 152448 152404 152403 152407 152472 152703 153175 153879 154731 155465 154572 153732 153061 152637 154075 154075 154096 154225 154547 155104 155862 156735 156545 155689 154969 154462 154185 154087 154625 155220 156016 156903 156735 155861 155102 154554 154252 154146 154133 154133 154153 154284 152608 153062 153803 154683 155567 154991 154107 153326 152768 152482 152397 152390 152391 152426 150995 150780 150741 150740 150746 150835 151151 151770 152598 153491 154230 153940 153979 154276 150484 150482 150484 150543 150793 151354 152181 153074 153923 153064 152170 151346 150788 150542
 154956 155082 155404 155964 156727 157602 157447 156586 155856 155336 155051 154948 154936 154936 147690 147690 0 147690 147690 147690 147690 147690 147690 147690 147690 147690 147690 147690 151133 151139 151222 151537 153694 153635 154008 154367 153480 152605 151861 151378 151174 151134 150552 150547 150547 150588 150797 151344 152954 153103 153935 153245 152352 151528 150930 150634 152446 152403 152402 152406 152472 152703 153175 153881 154734 155425 154532 153703 153046 152631 154096 154096 154120 154257 154595 155170 155944 156822 156546 155691 154973 154470 154199 154106 155383 156016 156832 157724 157231 156372 155649 155150 154892 154811 154805 154805 154837 154999 153248 153803 154611 155504 156151 155260 154393 153665 153187 152973 152924 152923 152926 152992 150909 150741 150713 150713 150722 150824 151150 151770 152599 153493 153892 153020 152128 151361 150486 150484 150486 150550 150829 153620 153437 153435 153897 153025 152134 151336 150788 150542
 155448 155602 155964 156564 157354 158238 157780 156934 156234 155754 155504 155424 155417 155417 147690 147690 147690 0 147690 147690 147690 147690 147690 147690 147690 147690 147690 147690 151362 151381 151537 155524 155109 154964 154959 154393 153502 152636 151929 151517 151378 151362 150588 150586 150588 150648 155330 154756 154453 154373 154108 153244 152351 151528 150932 150654 152448 152407 152406 152410 152479 152718 153208 153933 154798 155424 154531 153703 153046 152632 154224 154225 154257 154416 154787 155398 156197 157084 156588 155740 155038 154557 154309 154231 156258 156903 157724 158615 157946 157101 156407 155941 155709 155641 155637 155638 155678 155856 154086 154683 155504 156397 156678 155784 154945 154277 153871 153707 153678 153678 153686 153780 150905 150740 150713 150713 150722 150824 151154 151798 152653 153545 153801 152911 152042 151331 150544 150543 150550 150654 155545 155031 154758 154676 153897 153025 152134 151336 150798 150581
 156157 156334 156727 157354 158160 159049 158345 157515 156846 156402 156182 156118 156114 156115 147690 147690 147690 147690 0 147690 147690 147690 147690 147690 147690 147690 147690 147690 151861 151920 153694 155109 155901 155799 155410 154549 153656 152826 152217 151929 151862 151859 150785 150785 150797 155330 156383 155883 155580 154902 154115 153248 152355 151544 151006 150811 152504 152472 152472 152479 152564 152839 153379 154150 155032 155428 154536 153711 153064 152669 154546 154547 154595 154787 155204 155860 156686 157579 156768 155935 155263 154821 154607 154549 156475 156735 157231 157946 158800 157962 157281 156826 156600 156534 156410 156381 156381 156389 154980 155567 156151 156678 157424 156533 155717 155089 154720 154576 154552 154552 154563 154667 150905 150746 150722 150722 150734 150852 151245 153470 153425 153798 153794 152903 152038 151331 150793 150793 150829 155545 156447 155997 155417 154714 153908 153032 152143 151371 150924 150801
 157007 157197 157602 158238 159049 159938 159105 158289 157641 157219 157015 156960 156957 156959 147690 147690 147690 147690 147690 0 147690 147690 147690 147690 147690 147690 147690 147690 152614 152722 153635 154964 155799 156202 155835 154952 154070 153312 152827 152637 152606 152606 151268 151270 151344 154756 155883 156353 155749 155026 154207 153323 152442 151711 151347 151271 152721 152703 152703 152718 152839 153182 153803 154628 155521 155498 154609 153803 153195 152848 155100 155104 155170 155398 155860 156553 157398 158052 157163 156352 155719 155321 155143 155101 155590 155861 156372 157101 157962 158317 157430 156631 156025 155665 155518 155492 155491 155500 154908 154991 155260 155784 156533 157405 156598 155981 155613 155466 155104 154935 154902 154901 150954 150835 150824 150824 150852 151049 155326 154926 154764 154632 153794 152903 152039 151342 151344 151354 153620 155031 155997 156251 155612 154862 154022 153131 152268 151623 151377 151344
 157286 157310 157447 157780 158345 159105 159978 159167 158526 158110 157649 157385 157295 157286 147690 147690 147690 147690 147690 147690 0 147690 147690 147690 147690 147690 147690 147690 153494 153615 154008 154959 155410 155835 156514 155622 154765 154071 153657 153504 153481 153481 152025 152039 152954 154453 155580 155749 156160 155380 154519 153625 152801 152245 152049 152025 153181 153175 153175 153208 153379 153803 154501 155362 156254 155739 154859 154092 153548 153268 155856 155862 155944 156197 156686 157398 158252 158673 157790 157002 156403 156040 155886 155856 154800 155102 155649 156407 157281 157430 156544 155754 155165 154828 154699 154679 154679 154692 154018 154107 154393 154945 155717 156598 157085 156194 155331 154633 154211 154042 154010 154010 151202 151151 151150 151154 151245 155326 156278 155936 155447 154683 153830 152937 152093 151472 152144 152181 153437 154758 155417 155612 156062 155255 154379 153490 152719 152274 152153 152144
 156413 156441 156586 156934 157515 158289 159167 158807 157957 157250 156762 156505 156420 156413 147690 147690 147690 147690 147690 147690 147690 0 147690 147690 147690 147690 147690 147690 154377 154367 154367 154393 154549 154952 155622 156464 155622 154952 154551 154394 154369 154369 152906 152927 153103 154373 154902 155026 155380 156008 155122 154244 153504 153066 152922 152906 153881 153879 153881 153933 154150 154628 155362 156234 157115 156222 155362 154643 154165 153940 156727 156735 156822 157084 157579 158052 158673 159472 158594 157821 157242 156896 156753 156727 154204 154554 155150 155941 156826 156631 155754 154990 154445 154153 154053 154043 154043 154066 153209 153326 153665 154277 155089 155981 156194 155303 154438 153748 153357 153216 153196 153196 151782 151770 151770 151798 153470 154926 155936 156415 155711 154902 154024 153137 152370 151917 153035 153074 153435 154676 154714 154862 155255 155923 155030 154172 153494 153139 153041 153035
 155652 155689 155856 156234 156846 157641 158526 157957 157115 156425 155961 155727 155656 155652 147690 147690 147690 147690 147690 147690 147690 147690 0 147690 147690 147690 147690 147690 153492 153480 153480 153502 153656 154070 154765 155622 156515 155836 155411 154957 154005 153613 153790 153804 153935 154108 154115 154207 154519 155122 155937 155076 154375 153959 153810 153790 154732 154731 154734 154798 155032 155521 156254 157115 157830 156936 156094 155413 154977 154779 156548 156545 156546 156588 156768 157163 157790 158594 159482 158712 157951 157276 156830 156611 153854 154252 154892 155709 156600 156025 155165 154445 153959 153716 153645 153640 153640 153679 152598 152768 153187 153871 154720 155613 155331 154438 153598 152981 152669 152575 152567 152567 152601 152598 152599 152653 153425 154764 155447 155711 156239 155389 154496 153647 152998 152679 153907 153923 153897 153897 153908 154022 154379 155030 155871 155032 154383 154029 153917 153907
 155088 155139 155336 155754 156402 157219 158110 157250 156425 155768 155343 155141 155088 155086 147690 147690 147690 147690 147690 147690 147690 147690 147690 0 147690 147690 147690 147690 152613 152604 152605 152636 152826 153312 154071 154952 155836 156201 155798 154962 153632 152720 153573 153296 153245 153244 153248 153323 153625 154244 155076 155970 155264 154822 154640 154606 155626 155465 155425 155424 155428 155498 155739 156222 156936 157792 156960 156293 155867 155673 155692 155689 155691 155740 155935 156352 157002 157821 158712 157892 157060 156391 155955 155747 153714 154146 154811 155641 156534 155665 154828 154153 153716 153511 153458 153456 153458 153510 152252 152482 152973 153707 154576 155466 154633 153748 152981 152475 152248 152194 152192 152194 153495 153491 153493 153545 153798 154632 154683 154902 155389 156126 155234 154426 153844 153565 153419 153064 153025 153025 153032 153131 153490 154172 155032 155924 155259 154868 154722 154664
 154754 154823 155051 155504 156182 157015 157649 156762 155961 155343 154960 154789 154751 154750 147690 147690 147690 147690 147690 147690 147690 147690 147690 147690 0 147690 147690 147690 151860 151858 151861 151929 152217 152827 153657 154551 155411 155798 155901 155108 153691 151919 153572 152404 152352 152351 152355 152442 152801 153504 154375 155264 156095 155604 155374 154853 154756 154572 154532 154531 154536 154609 154859 155362 156094 156960 157617 156723 155872 155184 154970 154969 154973 155038 155263 155719 156403 157242 157951 157060 156241 155597 155194 155012 153690 154133 154805 155637 156410 155518 154699 154053 153645 153458 153412 153411 153414 153474 152127 152397 152924 153678 154552 155104 154211 153357 152669 152248 152074 152039 152039 152045 154359 154230 153892 153801 153794 153794 153830 154024 154496 155234 156108 155312 154737 154445 153421 152170 152134 152134 152143 152268 152719 153494 154383 155259 156064 155616 155423 154746
 154617 154699 154948 155424 156118 156960 157385 156505 155727 155141 154789 154640 154610 154610 147690 147690 147690 147690 147690 147690 147690 147690 147690 147690 147690 0 147690 147690 151361 151361 151378 151517 151929 152637 153504 154394 154957 154962 155108 155523 151535 151380 153703 151551 151528 151528 151544 151711 152245 153066 153959 154822 155604 156278 155990 155078 153894 153732 153703 153703 153711 153803 154092 154643 155413 156293 156723 155830 154978 154300 154462 154462 154470 154557 154821 155321 156040 156896 157276 156391 155597 154996 154638 154490 153690 154133 154805 155638 156381 155492 154679 154043 153640 153456 153411 153410 153413 153474 152110 152390 152923 153678 154552 154935 154042 153216 152575 152194 152039 152011 152011 152020 155125 153940 153020 152911 152903 152903 152937 153137 153647 154426 155312 156191 155588 155255 153606 151346 151336 151336 151371 151623 152274 153139 154029 154868 155616 156253 156001 155022
 154593 154679 154936 155417 156114 156957 157295 156420 155656 155088 154751 154610 154584 154584 147690 147690 147690 147690 147690 147690 147690 147690 147690 147690 147690 147690 0 147690 151133 151134 151174 151378 151862 152606 153481 154369 154005 153632 153691 151535 151221 151138 151002 150932 150930 150932 151006 151347 152049 152922 153810 154640 155374 155990 156476 155535 153180 153061 153046 153046 153064 153195 153548 154165 154977 155867 155872 154978 154149 153523 154185 154185 154199 154309 154607 155143 155886 156753 156830 155955 155194 154638 154322 154203 153701 154153 154837 155678 156381 155491 154679 154043 153640 153458 153414 153413 153416 153479 152110 152391 152926 153686 154563 154902 154010 153196 152567 152192 152039 152011 152011 152019 155234 153979 152128 152042 152038 152039 152093 152370 152998 153844 154737 155588 156350 155962 150823 150788 150788 150798 150924 151377 152153 153041 153917 154722 155423 156001 156449 155539
 154593 154679 154936 155417 156115 156959 157286 156413 155652 155086 154750 154610 154584 154584 147690 147690 147690 147690 147690 147690 147690 147690 147690 147690 147690 147690 147690 0 151077 151079 151134 151362 151861 152606 153481 154369 153613 152720 151919 151380 151138 151079 150651 150634 150634 150654 150811 151271 152025 152906 153790 154606 154853 155078 155535 150810 152715 152637 152631 152632 152669 152848 153268 153940 154779 155673 155184 154300 153523 152983 154087 154087 154106 154231 154549 155101 155856 156727 156611 155747 155012 154490 154203 154099 153798 154284 154999 155856 156389 155500 154692 154066 153679 153510 153474 153474 153479 153553 152127 152426 152992 153780 154667 154901 154010 153196 152567 152194 152045 152020 152019 152029 155539 154276 151361 151331 151331 151342 151472 151917 152679 153565 154445 155255 155962 156383 150548 150542 150542 150581 150801 151344 152144 153035 153907 154664 154746 155022 155539 150649
 154602 154692 154956 155448 156157 157007 157286 156413 155652 155088 154754 154617 154593 154593 0 147690 147690 147690 147690 147690 147690 147690 147690 147690 147690 147690 147690 147690 151075 151077 151133 151362 151861 152614 153494 154377 153492 152613 151860 151361 151133 151077 150558 150552 150552 150588 150785 151268 152025 152906 153790 153573 153572 153703 151002 150651 152501 152448 152446 152448 152504 152721 153181 153881 154732 155626 154756 153894 153180 152715 154075 154075 154096 154224 154546 155100 155856 156727 156548 155692 154970 154462 154185 154087 154087 154625 155383 156258 156475 155590 154800 154204 153854 153714 153690 153690 153701 153798 152253 152608 153248 154086 154980 154908 154018 153209 152598 152252 152127 152110 152110 152127 156079 150995 150909 150905 150905 150954 151202 151782 152601 153495 154359 155125 155234 155539 150486 150484 150486 150544 150793 151344 152144 153035 153907 153419 153421 153606 150823 150548
 152748 153171 153875 154742 155632 155172 154288 153507 152945 152651 152558 152551 152551 152581 155622 156515 155836 155411 154957 154005 153613 153492 153480 153480 153502 153656 154070 154765 147690 0 147690 147690 147690 147690 147690 147690 147690 147690 147690 147690 147690 147690 154724 155253 155086 155060 155060 154213 153245 152470 152027 151913 151932 152698 153436 154116 154438 151757 151480 151416 151413 151415 151471 151714 152251 153032 153917 154797 154272 154273 150804 150803 150808 150886 151165 151740 152556 153449 154014 153128 152250 151509 151041 150844 156771 157610 158413 157521 156697 156042 155622 155427 155378 155376 155378 155436 155648 156091 155178 156063 156287 155394 154536 153834 153401 153228 153198 153197 153206 153303 153635 154302 155399 155435 154571 152393 152144 152095 152094 152098 152172 152461 153054 153870 154763 155630 154475 154999 154833 154810 154810 154621 153730 153017 152559 152361 152335 152598 153260 153892
 153362 153875 154649 155536 156332 155442 154574 153843 153355 153129 153073 153071 153073 153130 154952 155836 156201 155798 154962 153632 152720 152613 152604 152605 152636 152826 153312 154071 147690 147690 0 147690 147690 147690 147690 147690 147690 147690 147690 147690 147690 147690 154631 155086 155439 155378 155375 154824 149736 149736 152342 152133 152126 152698 153427 154077 151956 151480 151293 151259 151258 151265 151353 151648 152224 153020 153908 154496 153624 152732 150809 150808 150814 150900 151212 151879 152768 153644 154004 153116 152243 151509 151041 150847 157663 158413 159178 158289 157481 156851 156454 156275 156233 156232 156236 156300 156524 156979 155800 156287 157008 156115 155282 154629 154243 154095 154072 154072 154083 154192 154527 155160 154519 154571 152217 151765 151623 151606 151606 151623 151761 152157 152841 153695 154588 154812 154393 154833 155187 155123 155121 155123 154265 153457 152885 152595 152530 152599 153258 153866
 154182 154742 155536 156425 156857 155963 155121 154446 154026 153850 153815 153814 153820 153903 154551 155411 155798 155901 155108 153691 151919 151860 151858 151861 151929 152217 152827 153657 147690 147690 147690 0 147690 147690 147690 147690 147690 147690 147690 147690 147690 147690 154625 155060 155378 155585 149457 149454 149455 149538 153030 152677 152602 152709 153427 154076 151822 151416 151259 151232 151232 151241 151340 151646 152224 153020 153908 154262 153370 152510 150886 150886 150900 151031 155047 154603 154440 154432 154005 153116 152243 151513 151070 150909 156950 157521 158289 159165 158363 157740 157347 156845 156567 156470 156460 156460 156482 156616 154917 155394 156115 156977 156155 155517 155137 154986 154921 154695 154639 154637 154639 154695 153255 152393 151765 151466 151384 151379 151379 151418 151613 152075 152798 153664 154555 154145 154389 154810 155123 155335 155324 149236 149236 149284 153493 153089 152928 152915 153260 153866
 155074 155632 156332 156857 157600 156708 155889 155251 154868 154712 154684 154684 154692 154785 154394 154957 154962 155108 155523 151535 151380 151361 151361 151378 151517 151929 152637 153504 147690 147690 147690 147690 0 147690 147690 147690 147690 147690 147690 147690 147690 147690 154625 155060 155375 149457 149414 149414 149420 149534 153967 153502 153292 153260 153464 154083 151808 151413 151258 151232 151232 151241 151340 151647 152235 153044 153935 154206 153312 152471 151164 151165 151212 155047 156082 155701 155528 154874 154033 153141 152280 151603 151258 151169 156106 156697 157481 158363 158062 157198 156466 155955 155684 155593 155585 155585 155611 155755 154034 154536 155282 156155 157044 156271 155378 154577 154041 153802 153745 153743 153745 153802 152921 152144 151623 151384 151323 151321 151323 151375 151593 152070 152797 153664 154554 153808 154390 154810 155121 155324 149178 149176 149180 149280 154326 153826 153552 153460 153458 153879
 155087 155172 155442 155963 156708 157578 156768 156141 155762 155604 155276 155112 155080 155080 154369 154005 153632 153691 151535 151221 151138 151133 151134 151174 151378 151862 152606 153481 147690 147690 147690 147690 147690 0 147690 147690 147690 147690 147690 147690 147690 147690 153835 154213 154824 149454 149414 149413 149420 149536 155006 154480 154164 153848 153647 153670 151808 151415 151265 151241 151241 151253 151362 151704 152354 153209 154101 154204 153311 152471 151730 151740 151879 154603 155701 156397 155858 155069 154201 153309 152501 151961 151759 151730 155415 156042 156851 157740 157198 156342 155628 155143 154899 154826 154821 154821 154857 155027 153265 153834 154629 155517 156271 155422 154593 153689 153155 152943 152901 152900 152905 152982 152834 152095 151606 151379 151321 151319 151321 151374 151593 152071 152801 153671 154561 153707 154226 154621 155123 149236 149176 149175 149179 149282 155062 154727 154319 153952 153953 154019
 154197 154288 154574 155121 155889 156768 157211 156318 155467 154789 154382 154219 154190 154189 154369 153613 152720 151919 151380 151138 151079 151077 151079 151134 151362 151859 152606 153481 147690 147690 147690 147690 147690 147690 0 147690 147690 147690 147690 147690 147690 147690 152979 153245 149736 149455 149420 149420 149431 155494 155241 154869 154379 153782 153111 152933 151830 151471 151353 151340 151340 151362 151519 151977 153757 153756 154545 154207 153313 152476 152527 152556 152768 154440 155528 155858 156354 155521 154632 153762 153053 152657 152538 152527 154952 155622 156454 157347 156466 155628 154951 154514 154310 154257 154255 154257 154311 154517 152741 153401 154243 155137 155378 154593 154593 152823 152388 152243 152224 152224 152239 152367 152828 152094 151606 151379 151323 151321 151322 151378 151607 152115 152882 153767 154588 153698 153432 153730 154265 149236 149180 149179 149185 155287 155061 154725 154280 153745 153325 153329
 153390 153507 153843 154446 155251 156141 156318 155424 154573 153909 153533 153396 153376 153376 154377 153492 152613 151860 151361 151133 151077 151075 151077 151133 151362 151861 152614 153494 147690 147690 147690 147690 147690 147690 147690 0 147690 147690 147690 147690 147690 147690 152347 152470 149736 149538 149534 149536 155494 155522 155250 154870 154379 153780 153090 152347 151987 151714 151648 151646 151647 151704 151977 155323 155059 155023 155136 154265 153374 152565 153417 153449 153644 154432 154874 155069 155521 156228 155335 154499 153862 153525 153425 153417 154724 155427 156275 156845 155955 155143 154514 154128 153961 153925 153925 153930 154004 154247 152503 153228 154095 154986 154577 153689 152823 152190 151891 151809 151803 151804 151843 152039 152829 152098 151623 151418 151375 151374 151378 151454 151738 152348 153201 154092 154588 153698 152832 153017 153457 149284 149280 149282 155287 155306 155065 154725 154280 153736 153114 152813
 152779 152945 153355 154026 154868 155762 155467 154573 153751 153154 152850 152757 152749 152749 154367 153480 152604 151858 151361 151134 151079 151077 151079 151139 151381 151920 152722 153615 147690 147690 147690 147690 147690 147690 147690 147690 0 147690 147690 147690 147690 147690 151991 152027 152342 153030 153967 155006 155241 155250 155354 154921 154396 153783 153090 152335 152424 152251 152224 152224 152235 152354 153757 155059 155735 155726 155388 154501 153625 152884 154118 154014 154004 154005 154033 154201 154632 155335 156194 155374 154754 154415 154303 154291 154659 155378 156233 156567 155684 154899 154310 153961 153818 153792 153792 153801 153891 154158 152448 153198 154072 154921 154041 153155 152388 151891 151674 151625 151624 151627 151691 151936 152867 152172 151761 151613 151593 151593 151607 151738 152166 154531 154474 154751 154619 153726 152470 152559 152885 153493 154326 155062 155061 155065 155147 154758 154287 153736 153112 152470
 152429 152651 153129 153850 154712 155604 154789 153909 153154 152656 152429 152373 152371 152373 154367 153480 152605 151861 151378 151174 151134 151133 151139 151222 151537 153694 153635 154008 147690 147690 147690 147690 147690 147690 147690 147690 147690 0 147690 147690 147690 147690 151896 151913 152133 152677 153502 154480 154869 154870 154921 155158 154541 153853 153110 152335 153149 153032 153020 153020 153044 153209 153756 155023 155726 156303 155899 155005 154164 153510 153253 153128 153116 153116 153141 153309 153762 154499 155374 156262 155623 155249 155108 153997 154655 155376 156232 156470 155593 154826 154257 153925 153792 153770 153769 153780 153875 154149 152446 153197 154072 154695 153802 152943 152243 151809 151625 151587 151586 151591 151667 151927 153070 152461 152157 152075 152070 152071 152115 152348 154531 155418 155375 155622 154786 153893 152316 152361 152595 153089 153826 154727 154725 154725 154758 154955 154389 153771 153115 152452
 152298 152558 153073 153815 154684 155276 154382 153533 152850 152429 152252 152215 152215 152220 154393 153502 152636 151929 151517 151378 151362 151362 151381 151537 155524 155109 154964 154959 147690 147690 147690 147690 147690 147690 147690 147690 147690 147690 0 147690 147690 147690 151932 151932 152126 152602 153292 154164 154379 154379 154396 154541 154970 154171 153317 152429 154020 153917 153908 153908 153935 154101 154545 155136 155388 155899 156644 155753 154943 154341 152359 152250 152243 152243 152280 152501 153053 153862 154754 155623 156411 155987 155239 154011 154656 155378 156236 156460 155585 154821 154255 153925 153792 153769 153769 153780 153875 154149 152449 153206 154083 154639 153745 152901 152224 151803 151624 151586 151586 151591 151667 151927 153556 153054 152841 152798 152797 152801 152882 153201 154474 155375 155730 156081 155196 154316 152299 152335 152530 152928 153552 154319 154280 154280 154287 154389 154761 154006 153216 152454
 152280 152551 153071 153814 154684 155112 154219 153396 152757 152373 152215 152186 152185 152193 154549 153656 152826 152217 151929 151862 151859 151861 151920 153694 155109 155901 155799 155410 147690 147690 147690 147690 147690 147690 147690 147690 147690 147690 147690 0 147690 147690 152741 152698 152698 152709 153260 153848 153782 153780 153783 153853 154171 154837 153943 153128 154909 154797 154496 154262 154206 154204 154207 154265 154501 155005 155753 156627 155828 155235 151558 151509 151509 151513 151603 151961 152657 153525 154415 155249 155987 156294 155488 154239 154699 155436 156300 156460 155585 154821 154257 153930 153801 153780 153780 153791 153892 154176 152512 153303 154192 154637 153743 152900 152224 151804 151627 151591 151591 151597 151678 151955 154306 153870 153695 153664 153664 153671 153767 154092 154751 155622 156081 156760 155867 155009 152603 152598 152599 152915 153460 153952 153745 153736 153736 153771 154006 154613 153724 152875
 152280 152551 153073 153820 154692 155080 154190 153376 152749 152371 152215 152185 152185 152193 154952 154070 153312 152827 152637 152606 152606 152614 152722 153635 154964 155799 156202 155835 147690 147690 147690 147690 147690 147690 147690 147690 147690 147690 147690 147690 0 147690 153561 153436 153427 153427 153464 153647 153111 153090 153090 153110 153317 153943 154806 154021 155310 154272 153624 153370 153312 153311 153313 153374 153625 154164 154943 155828 156708 156007 151052 151041 151041 151070 151258 151759 152538 153425 154303 155108 155239 155488 155975 151178 154882 155648 156524 156482 155611 154857 154311 154004 153891 153875 153875 153892 154010 154324 152779 153635 154527 154639 153745 152905 152239 151843 151691 151667 151667 151678 151787 152128 155183 154763 154588 154555 154554 154561 154588 154588 154619 154786 155196 155867 156708 155863 153340 153260 153258 153260 153458 153953 153325 153114 153112 153115 153216 153724 154566 153767
