NAME: route
TYPE: ATSP
COMMENT: route
DIMENSION: 100
EDGE_WEIGHT_TYPE: EXPLICIT
EDGE_WEIGHT_FORMAT: FULL_MATRIX
EDGE_WEIGHT_SECTION
 176090 0 176090 176090 176090 176090 176090 176090 176090 176090 180297 180241 180278 180585 181380 182549 183788 182735 181535 180666 184172 184752 184687 183450 182281 181540 181333 181328 181485 182846 187252 188485 187300 186423 185989 185548 185443 185454 185644 186237 182714 182295 182209 182228 182453 183105 184170 185412 184790 183597 179070 185119 184662 184064 183176 182058 180817 179677 179103 179028 184170 183877 182778 180953 180797 180802 181003 181727 182886 184126 186006 184951 184307 184081 184061 184142 184539 185382 186549 187247 181761 181601 181599 181735 182253 183219 184440 184562 183328 182320 179599 179614 179859 180661 181874 183090 182481 181241 180221 179705
 176090 176090 0 176090 176090 176090 176090 176090 176090 176090 180324 180278 180325 180683 181572 182789 183937 182705 181517 180670 184023 184687 185783 184537 183426 182763 182578 182574 182722 183358 186062 187300 186874 185670 184756 184303 184200 184212 184411 185025 182588 182209 182139 182164 182411 183084 184159 185403 184584 183418 183034 184662 185119 184352 183355 182178 180934 179979 179742 179744 182949 182778 180582 180130 180071 180111 180471 181376 182595 183808 185305 184307 183737 183560 183552 183665 184125 185025 186219 186533 181749 181599 181598 181743 182278 183266 184494 184499 183273 182289 179813 179859 180292 183371 182987 183689 182496 181261 180286 179867
 176090 176090 176090 0 176090 176090 176090 176090 176090 176090 180603 180585 180683 181207 182293 183538 184014 182773 181614 180855 182826 183450 184537 185783 184668 183972 183500 182832 182664 182663 185177 186423 185670 184479 183608 183207 183131 183155 183401 184088 182593 182228 182164 182193 182458 183165 184267 185513 184570 183411 182370 184064 184352 185119 184010 182771 181617 180999 180905 180935 182162 180953 180130 179853 179830 179914 180372 181338 182567 183382 185033 184081 183560 183410 183408 183542 184036 184962 186164 186247 181856 181735 181743 181927 182540 183598 184841 184530 183310 182352 180512 180661 183371 184406 184160 183964 182734 181542 180751 180521
 176090 176090 176090 176090 0 176090 176090 176090 176090 176090 181375 181380 181572 182293 183483 184710 184429 183184 182112 181519 181593 182281 183426 184668 184901 184219 182961 181603 181418 181417 184744 185989 184756 183608 182829 182511 182467 182512 182831 183605 182765 182453 182411 182458 182785 183577 184732 185913 184668 183531 182460 183176 183355 184010 185119 183873 182798 182245 182142 182161 181942 180797 180071 179830 179812 179907 180393 181400 182641 183185 185001 184061 183552 183408 183408 183548 184052 184990 186198 186209 182327 182253 182278 182540 183272 184407 185652 184803 183609 182730 181650 181874 182987 184160 185172 184721 183474 182381 181777 181642
 176090 176090 176090 176090 176090 0 176090 176090 176090 176090 182533 182549 182789 183538 184710 185946 185323 184093 183116 182632 180643 181540 182763 183972 184219 184573 183464 180418 180314 180336 184649 185548 184303 183207 182511 182252 182225 182292 182664 183487 183345 183105 183084 183165 183577 184461 185657 186351 185106 184022 182072 182058 182178 182771 183873 185119 184029 183406 183245 182345 181932 180802 180111 179914 179907 180049 180689 181863 183092 183177 185058 184142 183665 183542 183548 183713 184265 185248 186473 186258 183262 183219 183266 183598 184407 185576 186762 185519 184369 183583 182894 183090 183689 183964 184721 185868 184625 183583 183021 182887
 176090 176090 176090 176090 176090 176090 0 176090 176090 176090 183774 183788 183937 184014 184429 185323 186524 185304 184353 183878 180283 181333 182578 183500 182961 183464 180037 179705 179680 179768 184663 185443 184200 183131 182467 182225 182202 182275 182659 183495 184362 184170 184159 184267 184732 185657 186866 187235 185998 184966 180838 180817 180934 181617 182798 184029 185119 184380 183992 182251 182058 181003 180471 180372 180393 180689 183877 183372 184101 183304 185399 184539 184125 184036 184052 184265 184891 185932 187171 186575 184476 184440 184494 184841 185652 186762 187872 186625 185505 184766 182589 182481 182496 182734 183474 184625 185868 184807 184195 183137
 176090 176090 176090 176090 176090 176090 176090 0 176090 176090 183031 182735 182705 182773 183184 184093 185304 186272 185044 183849 180250 181328 182574 182832 181603 180418 179705 179515 179511 179656 184872 185454 184212 183155 182512 182292 182275 182364 182790 183677 185597 185412 185403 185513 185913 186351 187235 188422 187190 186181 179670 179677 179979 180999 182245 183406 184380 185119 184626 182962 182625 181727 181376 181338 181400 181863 183372 184235 185056 183841 186178 185382 185025 184962 184990 185248 185932 187011 188255 187322 184928 184562 184499 184530 184803 185519 186625 187872 186751 185759 181343 181241 181261 181542 182381 183583 184807 184461 183928 182387
 176090 176090 176090 176090 176090 176090 176090 176090 0 176090 181794 181535 181517 181614 182112 183116 184353 185044 183830 182613 180329 181485 182722 182664 181418 180314 179680 179511 179510 179672 185501 185644 184411 183401 182831 182664 182659 182790 183303 184275 185415 184790 184584 184570 184668 185106 185998 187190 187706 186465 179001 179103 179742 180905 182142 183245 183992 184626 185119 179028 183683 182886 182595 182567 182641 183092 184101 185056 186094 184856 187312 186549 186219 186164 186198 186473 187171 188255 189500 188435 183682 183328 183273 183310 183609 184369 185505 186751 185695 184516 180261 180221 180286 180751 181777 183021 184195 183928 184406 183055
 176090 176090 176090 176090 176090 176090 176090 176090 176090 0 180816 180666 180670 180855 181519 182632 183878 183849 182613 181456 183403 182846 183358 182663 181417 180336 179768 179656 179672 179948 186551 186237 185025 184088 183605 183487 183495 183677 184275 185312 184191 183597 183418 183411 183531 184022 184966 186181 186465 185226 178846 179028 179744 180935 182161 182345 182251 182962 179028 178845 184928 184126 183808 183382 183185 183177 183304 183841 184856 186094 188341 187247 186533 186247 186209 186258 186575 187322 188435 189587 182605 182320 182289 182352 182730 183583 184766 185759 184516 183366 179707 179705 179867 180521 181642 182887 183137 182387 183055 179896
 0 176090 176090 176090 176090 176090 176090 176090 176090 176090 180373 180297 180324 180603 181375 182533 183774 183031 181794 180816 184573 184172 184023 182826 181593 180643 180283 180250 180329 183403 187793 187252 186062 185177 184744 184649 184663 184872 185501 186551 183222 182714 182588 182593 182765 183345 184362 185597 185415 184191 178851 179070 183034 182370 182460 182072 180838 179670 179001 178846 185379 184170 182949 182162 181942 181932 182058 182625 183683 184928 187096 186006 185305 185033 185001 185058 185399 186178 187312 188341 181964 181761 181749 181856 182327 183262 184476 184928 183682 182605 179588 179599 179813 180512 181650 182894 182589 181343 180261 179707
 185323 186524 185304 184353 183878 183774 183788 183937 184014 184429 176090 0 176090 176090 176090 176090 176090 176090 176090 176090 187309 188548 187914 186743 185892 185485 185400 185417 185634 186265 191381 192605 191402 190463 189934 189636 189557 189576 189789 190385 183249 183333 180979 180638 180607 180678 181133 182122 183359 184390 184295 185468 184749 183506 182472 181952 181851 181870 182141 183080 187036 187120 185889 184890 184339 184185 184183 184323 184846 185815 188787 187559 186561 185980 185789 185778 185877 186304 187166 188339 183908 184288 184174 178263 178281 181187 180657 181518 182516 183319 183569 184232 183197 182022 180776 180282 180736 182031 183406 183404
 184093 185304 186272 185044 183849 183031 182735 182705 182773 183184 176090 176090 0 176090 176090 176090 176090 176090 176090 176090 186865 187914 189154 187986 187139 186423 186039 185964 185986 186219 190174 191402 190687 189556 188766 188396 188320 188340 188560 189168 182161 180979 180281 180101 180099 180253 180866 181949 183195 183390 183930 184749 185924 184691 183698 183198 183092 183106 183337 183605 186095 185889 184663 183691 183185 183060 183066 183243 183832 184858 187775 186561 185605 185078 184923 184919 185048 185530 186443 187640 183861 184174 178027 178016 178189 182738 182006 181777 182539 183310 182728 183197 184232 182990 181875 181441 181416 181768 182707 182665
 183116 184353 185044 183830 182613 181794 181535 181517 181614 182112 176090 176090 176090 0 176090 176090 176090 176090 176090 176090 185672 186743 187986 187170 186005 185177 184800 184730 184754 185001 189227 190463 189556 188441 187680 187338 187276 187303 187548 188192 181679 180638 180101 179979 179989 180188 180847 181947 183194 182923 182688 183506 184691 185924 184904 183955 182904 182437 182361 182390 185596 184890 183691 182803 182390 182311 182332 182575 183259 184350 187173 185980 185078 184608 184486 184491 184652 185187 186144 187357 182825 178263 178016 178013 184199 183919 183404 182672 181942 182151 181732 182022 182990 184232 183110 182516 182413 182436 182096 181722
 182632 183878 183849 182613 181456 180816 180666 180670 180855 181519 176090 176090 176090 176090 0 176090 176090 176090 176090 176090 184778 185892 187139 186005 184863 184083 183755 183705 183744 184040 188693 189934 188766 187680 186964 186662 186615 186654 186936 187625 181603 180607 180099 179989 180001 180223 180947 182108 183347 182838 181542 182472 183698 184904 184287 183712 181800 181195 181133 181173 185464 184339 183185 182390 182056 182006 182045 182345 183094 184218 186965 185789 184923 184486 184380 184390 184569 185127 186100 187318 181265 178281 178189 184199 184288 183953 183407 182640 181669 180802 180617 180776 181875 183110 184232 183457 183224 183214 182314 181006
 182533 183774 183031 181794 180816 180373 180297 180324 180603 181375 176090 176090 176090 176090 176090 0 176090 176090 176090 176090 184331 185485 186423 185177 184083 183386 183124 183095 183159 183521 188524 189636 188396 187338 186662 186390 186354 186404 186714 187436 181632 180678 180253 180188 180223 180565 181524 182770 183944 182859 180860 181952 183198 183955 183712 184287 180488 180192 180175 180285 185431 184185 183060 182311 182006 181964 182010 182326 183090 184222 186948 185778 184919 184491 184390 184401 184587 185157 186143 187366 180064 181187 182738 183919 183953 184288 183593 182718 181687 180540 180312 180282 181441 182516 183457 184232 183830 183777 182967 181460
 182549 183788 182735 181535 180666 180297 180241 180278 180585 181380 176090 176090 176090 176090 176090 176090 0 176090 176090 176090 184228 185400 186039 184800 183755 183124 182905 182888 182973 183379 188516 189557 188320 187276 186615 186354 186321 186375 186693 187424 181935 181133 180866 180847 180947 181524 183333 183937 184353 183120 180695 181851 183092 182904 181800 180488 179854 179726 179736 179959 185429 184183 183066 182332 182045 182010 182065 182413 183223 184385 187034 185877 185048 184652 184569 184587 184801 185417 186442 187676 180374 180657 182006 183404 183407 183593 184288 183227 182029 180795 181317 180736 181416 182413 183224 183830 184232 184104 184044 178262
 182789 183937 182705 181517 180670 180324 180278 180325 180683 181572 176090 176090 176090 176090 176090 176090 176090 0 176090 176090 184240 185417 185964 184730 183705 183095 182888 182872 182963 183380 188626 189576 188340 187303 186654 186404 186375 186435 186768 187519 182766 182122 181949 181947 182108 182770 183937 185170 185115 183869 180698 181870 183106 182437 181195 180192 179726 179642 179664 179929 185568 184323 183243 182575 182345 182326 182413 182842 183746 184950 187433 186304 185530 185187 185127 185157 185417 186095 187165 188407 181545 181518 181777 182672 182640 182718 183227 184288 183042 181959 182796 182031 181768 182436 183214 183777 184104 177984 177963 178106
 183538 184014 182773 181614 180855 180603 180585 180683 181207 182293 176090 176090 176090 176090 176090 176090 176090 176090 0 176090 184435 185634 185986 184754 183744 183159 182973 182963 183072 183529 189063 189789 188560 187548 186936 186714 186693 186768 187138 187930 183958 183359 183195 183194 183347 183944 184353 185115 186259 185015 180906 182141 183337 182361 181133 180175 179736 179664 179694 180008 186080 184846 183832 183259 183094 183090 183223 183746 184731 185960 188261 187166 186443 186144 186100 186143 186442 187165 188262 189506 182615 182516 182539 181942 181669 181687 182029 183042 184288 183185 183895 183406 182707 182096 182314 182967 184044 177963 177954 184155
 184710 184429 183184 182112 181519 181375 181380 181572 182293 183483 176090 176090 176090 176090 176090 176090 176090 176090 176090 0 185040 186265 186219 185001 184040 183521 183379 183380 183529 184063 189922 190385 189168 188192 187625 187436 187424 187519 187930 188766 185189 184390 183390 182923 182838 182859 183120 183869 185015 186259 183353 183080 183605 182390 181173 180285 179959 179929 180008 184287 187032 185815 184858 184350 184218 184222 184385 184950 185960 187194 189416 188339 187640 187357 187318 187366 187676 188407 189506 190660 183539 183319 183310 182151 180802 180540 180795 181959 183185 184288 183922 183404 182665 181722 181006 181460 178262 178106 184155 184232
 185946 185323 184093 183116 182632 182533 182549 182789 183538 184710 0 176090 176090 176090 176090 176090 176090 176090 176090 176090 186072 187309 186865 185672 184778 184331 184228 184240 184435 185040 191090 191381 190174 189227 188693 188524 188516 188626 189063 189922 184492 183249 182161 181679 181603 181632 181935 182766 183958 185189 184287 184295 183930 182688 181542 180860 180695 180698 180906 183353 188247 187036 186095 185596 185464 185431 185429 185568 186080 187032 190017 188787 187775 187173 186965 186948 187034 187433 188261 189416 184288 183908 183861 182825 181265 180064 180374 181545 182615 183539 184232 183569 182728 181732 180617 180312 181317 182796 183895 183922
 183464 180037 179705 179680 179768 180283 181333 182578 183500 182961 183124 182905 182888 182973 183379 184228 185400 186039 184800 183755 176090 0 176090 176090 176090 176090 176090 176090 176090 176090 186595 186532 185299 184301 183764 183624 183626 183786 184351 185361 186124 185691 185586 185595 185773 186325 187291 188506 188155 186984 179734 179640 179658 179906 180651 181811 183051 182497 181253 180226 184693 183756 183274 183155 183162 183339 183916 184924 186156 185905 188193 187343 186917 186814 186823 187002 187553 188515 189728 189358 184920 184645 184609 184661 184980 185722 186829 187929 186686 185611 181547 181417 181422 181590 182161 183172 184405 184253 183028 182058
 180418 179705 179515 179511 179656 180250 181328 182574 182832 181603 183095 182888 182872 182963 183380 184240 185417 185964 184730 183705 176090 176090 0 176090 176090 176090 176090 176090 176090 176090 185700 185299 184072 183106 182624 182518 182530 182737 183382 184456 185993 185586 185493 185506 185698 186270 187249 188468 187979 186825 179740 179658 179683 179972 180836 182064 183268 182413 181181 180203 184135 183274 182867 182783 182802 183026 183667 184719 185959 185315 187725 186917 186530 186446 186463 186669 187259 188251 189474 188866 184871 184609 184577 184633 184963 185714 186826 187839 186599 185541 181544 181422 181429 181607 182203 183241 184481 184204 182987 182038
 180314 179680 179511 179510 179672 180329 181485 182722 182664 181418 183159 182973 182963 183072 183529 184435 185634 185986 184754 183744 176090 176090 176090 0 176090 176090 176090 176090 176090 176090 185258 184301 183106 182242 181866 181805 181838 182126 182878 184013 185996 185595 185506 185521 185720 186303 187293 188517 187970 186820 179943 179906 179972 184292 183318 183018 183646 182437 181214 180298 183972 183155 182783 182713 182738 182981 183643 184705 185947 185127 187599 186814 186446 186371 186392 186610 187215 188217 189443 188725 184909 184661 184633 184697 185047 185826 186956 187854 186615 185565 181680 181590 181607 181838 182526 183636 184882 184244 183037 182123
 180336 179768 179656 179672 179948 183403 182846 183358 182663 181417 183521 183379 183380 183529 184063 185040 186265 186219 185001 184040 176090 176090 176090 176090 0 176090 176090 176090 176090 176090 185009 183764 182624 181866 181572 181536 181592 181942 182756 183918 186144 185773 185698 185720 185945 186567 187590 188823 188076 186940 180652 180651 180836 183318 184292 184202 183956 182717 181554 180837 183968 183162 182802 182738 182766 183025 183714 184800 186045 185117 187602 186823 186463 186392 186414 186640 187257 188270 189500 188724 185193 184980 184963 185047 185444 186277 187437 188054 186822 185804 182211 182161 182203 182526 183340 184517 185753 184551 183379 182556
 180643 180283 180250 180329 183403 184573 184172 184023 182826 181593 184331 184228 184240 184435 185040 186072 187309 186865 185672 184778 176090 176090 176090 176090 176090 0 176090 176090 176090 176090 184870 183624 182518 181805 181536 181506 181569 181935 182763 183933 186652 186325 186270 186303 186567 187242 188304 189545 188509 187400 181796 181811 182064 183018 184202 185373 184755 183510 182456 181908 184097 183339 183026 182981 183025 183337 184099 185233 186470 185224 187752 187002 186669 186610 186640 186892 187546 188588 189825 188858 185896 185722 185714 185826 186277 187162 188347 188641 187422 186449 183199 183172 183241 183636 184517 185717 186560 185313 184194 183468
 181540 181333 181328 181485 182846 184172 184752 184687 183450 182281 185485 185400 185417 185634 186265 187309 188548 187914 186743 185892 176090 176090 176090 176090 176090 176090 0 176090 176090 176090 184872 183626 182530 181838 181592 181569 181647 182060 182949 184150 187582 187291 187249 187293 187590 188304 189390 190609 189365 188286 183039 183051 183268 183646 183956 184755 185922 184685 183676 183154 184595 183916 183667 183643 183714 184099 184943 186118 186920 185676 188259 187553 187259 187215 187257 187546 188246 189321 190564 189337 186979 186829 186826 186956 187437 188347 189542 189636 188431 187493 184428 184405 184481 184882 185753 186560 187694 186448 185360 184675
 182763 182578 182574 182722 183358 184023 184687 185783 184537 183426 186423 186039 185964 185986 186219 186865 187914 189154 187986 187139 176090 176090 176090 176090 176090 176090 176090 0 176090 176090 185028 183786 182737 182126 181942 181935 182060 182577 183571 184805 188783 188506 188468 188517 188823 189545 190609 191774 190533 189468 182986 182497 182413 182437 182717 183510 184685 185922 184888 184049 185539 184924 184719 184705 184800 185233 186118 187309 187808 186572 189182 188515 188251 188217 188270 188588 189321 190417 191471 190233 188223 187929 187839 187854 188054 188641 189636 190860 189660 188731 184588 184253 184204 184244 184551 185313 186448 187694 186553 185392
 183972 183500 182832 182664 182663 182826 183450 184537 185783 184668 185177 184800 184730 184754 185001 185672 186743 187986 187170 186005 176090 176090 176090 176090 176090 176090 176090 176090 0 176090 185575 184351 183382 182878 182756 182763 182949 183571 184641 185886 188703 188155 187979 187970 188076 188509 189365 190533 190879 189666 181961 181253 181181 181214 181554 182456 183676 184888 184292 183752 186751 186156 185959 185947 186045 186470 186920 187808 188996 187764 190380 189728 189474 189443 189500 189825 190564 191471 192654 191418 187086 186686 186599 186615 186822 187422 188431 189660 189078 187919 183346 183028 182987 183037 183379 184194 185360 186553 185314 184146
 184219 182961 181603 181418 181417 181593 182281 183426 184668 184901 184083 183755 183705 183744 184040 184778 185892 187139 186005 184863 176090 176090 176090 176090 176090 176090 176090 176090 176090 0 186563 185361 184456 184013 183918 183933 184150 184805 185886 187131 187511 186984 186825 186820 186940 187400 188286 189468 189666 188457 180558 180226 180203 180298 180837 181908 183154 184049 183752 184292 186921 185905 185315 185127 185117 185224 185676 186572 187764 188155 190266 189358 188866 188725 188724 188858 189337 190233 191418 191458 185977 185611 185541 185565 185804 186449 187493 188731 187919 186776 182302 182058 182038 182123 182556 183468 184675 185392 184146 183017
 184573 183464 180418 180314 180336 180643 181540 182763 183972 184219 183386 183124 183095 183159 183521 184331 185485 186423 185177 184083 0 176090 176090 176090 176090 176090 176090 176090 176090 176090 187789 186595 185700 185258 185009 184870 184872 185028 185575 186563 186605 186124 185993 185996 186144 186652 187582 188783 188703 187511 179879 179734 179740 179943 180652 181796 183039 182986 181961 180558 185691 184693 184135 183972 183968 184097 184595 185539 186751 186921 189083 188193 187725 187599 187602 187752 188259 189182 190380 190266 185235 184920 184871 184909 185193 185896 186979 188223 187086 185977 181714 181547 181544 181680 182211 183199 184428 184588 183346 182302
 182225 182202 182275 182659 183495 184663 185443 184200 183131 182467 186354 186321 186375 186693 187424 188516 189557 188320 187276 186615 181569 181647 182060 182949 184150 184872 183626 182530 181838 181592 176090 0 176090 176090 176090 176090 176090 176090 176090 176090 187317 187181 187182 187320 187801 188697 189881 189871 188689 187795 184290 184296 184464 185008 185972 187189 186927 185744 184859 184405 182633 182387 182363 182435 182818 183650 184816 185637 184393 183311 185674 185223 185110 185117 185286 185828 186788 188001 187734 186553 187480 187416 187441 187677 188301 189315 190544 189679 188574 187822 185608 185599 185704 186135 186989 188156 188498 187287 186329 185783
 182292 182275 182364 182790 183677 184872 185454 184212 183155 182512 186404 186375 186435 186768 187519 188626 189576 188340 187303 186654 181935 182060 182577 183571 184805 185028 183786 182737 182126 181942 176090 176090 0 176090 176090 176090 176090 176090 176090 176090 187314 187182 187183 187324 187813 188715 189902 189852 188673 187786 184451 184464 184658 185246 186250 187479 187000 185829 184971 184548 182594 182363 182342 182421 182815 183659 184831 185541 184300 183243 185531 185110 185010 185021 185206 185770 186744 187962 187544 186380 187503 187441 187469 187712 188348 189373 190605 189683 188583 187837 185709 185704 185824 186282 187165 188347 188543 187337 186395 185869
 182664 182659 182790 183303 184275 185501 185644 184411 183401 182831 186714 186693 186768 187138 187930 189063 189789 188560 187548 186936 182763 182949 183571 184641 185886 185575 184351 183382 182878 182756 176090 176090 176090 0 176090 176090 176090 176090 176090 176090 187438 187320 187324 187481 187996 188924 190123 189929 188758 187889 184984 185008 185246 185897 186948 188188 187373 186228 185424 185055 182644 182435 182421 182516 182952 183847 185044 185554 184315 183270 185531 185117 185021 185034 185226 185801 186787 188009 187532 186371 187727 187677 187712 187981 188650 189700 190939 189839 188756 188037 186133 186135 186282 186788 187716 188918 188842 187651 186746 186265
 183487 183495 183677 184275 185312 186551 186237 185025 184088 183605 187436 187424 187519 187930 188766 189922 190385 189168 188192 187625 183933 184150 184805 185886 187131 186563 185361 184456 184013 183918 176090 176090 176090 176090 0 176090 176090 176090 176090 176090 187899 187801 187813 187996 188552 189516 190729 190299 189146 188313 185937 185972 186250 186948 188031 189275 188175 187062 186311 185989 182976 182818 182815 182952 183473 184450 185676 185756 184527 183531 185669 185286 185206 185226 185444 186061 187082 188315 187628 186482 188339 188301 188348 188650 189360 190439 191590 190350 189294 188615 186980 186989 187165 187716 188683 189899 189553 188383 187522 187087
 184649 184663 184872 185501 186551 187793 187252 186062 185177 184744 188524 188516 188626 189063 189922 191090 191381 190174 189227 188693 184870 184872 185028 185575 186563 187789 186595 185700 185258 185009 176090 176090 176090 176090 176090 0 176090 176090 176090 176090 188778 188697 188715 188924 189516 190508 191731 191084 189952 189156 187148 187189 187479 188188 189275 190520 189316 188221 187497 187193 183762 183650 183659 183847 184450 185488 186728 186364 185157 184233 186164 185828 185770 185801 186061 186733 187796 189037 188044 186926 189345 189315 189373 189700 190439 191536 192506 191272 190241 189596 188143 188156 188347 188918 189899 191118 190634 189479 188647 188237
 185548 185443 185454 185644 186237 187252 188485 187300 186423 185989 189636 189557 189576 189789 190385 191381 192605 191402 190463 189934 183624 183626 183786 184351 185361 186595 186532 185299 184301 183764 176090 176090 176090 176090 176090 176090 0 176090 176090 176090 189954 189881 189902 190123 190729 191731 192957 192208 191089 190315 186948 186927 187000 187373 188175 189316 190080 188844 187810 187178 184907 184816 184831 185044 185676 186728 187969 187389 186205 185331 187084 186788 186744 186787 187082 187796 188885 190130 188887 187799 190572 190544 190605 190939 191590 192506 193699 192468 191447 190814 188538 188498 188543 188842 189553 190634 191831 190588 189517 188823
 184303 184200 184212 184411 185025 186062 187300 186874 185670 184756 188396 188320 188340 188560 189168 190174 191402 190687 189556 188766 182518 182530 182737 183382 184456 185700 185299 184072 183106 182624 176090 176090 176090 176090 176090 176090 176090 0 176090 176090 190085 189871 189852 189929 190299 191084 192208 192899 191676 190681 185761 185744 185829 186228 187062 188221 188844 187610 186587 185973 186070 185637 185541 185554 185756 186364 187389 188625 187445 186577 188283 188001 187962 188009 188315 189037 190130 191290 190048 188976 189797 189679 189683 189839 190350 191272 192468 192281 191112 190246 187323 187287 187337 187651 188383 189479 190588 189347 188280 187596
 183207 183131 183155 183401 184088 185177 186423 185670 184479 183608 187338 187276 187303 187548 188192 189227 190463 189556 188441 187680 181805 181838 182126 182878 184013 185258 184301 183106 182242 181866 176090 176090 176090 176090 176090 176090 176090 176090 0 176090 188890 188689 188673 188758 189146 189952 191089 191676 190456 189472 184867 184859 184971 185424 186311 187497 187810 186587 185603 185043 184825 184393 184300 184315 184527 185157 186205 187445 186912 185716 188307 187734 187544 187532 187628 188044 188887 190048 190514 189292 188680 188574 188583 188756 189294 190241 191447 191112 189952 189107 186355 186329 186395 186746 187522 188647 189517 188280 187241 186596
 182511 182467 182512 182831 183605 184744 185989 184756 183608 182829 186662 186615 186654 186936 187625 188693 189934 188766 187680 186964 181536 181592 181942 182756 183918 185009 183764 182624 181866 181572 176090 176090 176090 176090 176090 176090 176090 176090 176090 0 187972 187795 187786 187889 188313 189156 190315 190681 189472 188517 184404 184405 184548 185055 185989 187193 187178 185973 185043 184543 183691 183311 183243 183270 183531 184233 185331 186577 185716 184537 187104 186553 186380 186371 186482 186926 187799 188976 189292 188074 187908 187822 187837 188037 188615 189596 190814 190246 189107 188298 185799 185783 185869 186265 187087 188237 188823 187596 186596 186003
 182252 182225 182292 182664 183487 184649 185548 184303 183207 182511 186390 186354 186404 186714 187436 188524 189636 188396 187338 186662 181506 181569 181935 182763 183933 184870 183624 182518 181805 181536 0 176090 176090 176090 176090 176090 176090 176090 176090 176090 187467 187317 187314 187438 187899 188778 189954 190085 188890 187972 184284 184290 184451 184984 185937 187148 186948 185761 184867 184404 182934 182633 182594 182644 182976 183762 184907 186070 184825 183691 186175 185674 185531 185531 185669 186164 187084 188283 188307 187104 187551 187480 187503 187727 188339 189345 190572 189797 188680 187908 185618 185608 185709 186133 186980 188143 188538 187323 186355 185799
 185657 186866 187235 185998 184966 184362 184170 184159 184267 184732 181524 183333 183937 184353 183120 181935 181133 180866 180847 180947 188304 189390 190609 189365 188286 187582 187291 187249 187293 187590 191731 192957 192208 191089 190315 189954 189881 189902 190123 190729 176090 0 176090 176090 176090 176090 176090 176090 176090 176090 185033 186023 187250 187070 185863 184930 184439 184312 184316 184480 186258 187452 186226 185243 184707 184562 184562 184714 184933 185366 186773 187008 185769 184739 184153 183980 183974 184100 184601 185555 184530 184755 184199 183411 182410 181239 179993 179083 178968 183339 183263 184204 185423 185904 184660 183585 182933 182718 182704 182802
 186351 187235 188422 187190 186181 185597 185412 185403 185513 185913 182770 183937 185170 185115 183869 182766 182122 181949 181947 182108 189545 190609 191774 190533 189468 188783 188506 188468 188517 188823 191084 192208 192899 191676 190681 190085 189871 189852 189929 190299 176090 176090 0 176090 176090 176090 176090 176090 176090 176090 186242 187250 188481 188093 186904 186016 185569 185463 185473 185659 185024 186226 186899 185653 184544 183855 183620 183601 183689 184121 185823 185769 184534 183526 182983 182841 182843 183004 183572 184588 184070 184199 184755 183818 182694 181455 180340 180035 180040 182358 184447 185423 186650 186798 185564 184549 183975 183806 183802 183932
 185106 185998 187190 187706 186465 185415 184790 184584 184570 184668 183944 184353 185115 186259 185015 183958 183359 183195 183194 183347 188509 189365 190533 190879 189666 188703 188155 187979 187970 188076 189952 191089 191676 190456 189472 188890 188689 188673 188758 189146 176090 176090 176090 0 176090 176090 176090 176090 176090 176090 186459 187070 188093 189326 188143 187261 186732 186322 186233 186249 184017 185243 185653 184406 183303 182644 182442 182432 182546 183045 185318 184739 183526 182602 182160 182070 182088 182316 182986 184072 183353 183411 183818 184755 183546 182323 181482 181281 181284 181956 185460 185904 186798 187991 186764 185771 185215 185052 185048 185178
 184022 184966 186181 186465 185226 184191 183597 183418 183411 183531 182859 183120 183869 185015 186259 185189 184390 183390 182923 182838 187400 188286 189468 189666 188457 187511 186984 186825 186820 186940 189156 190315 190681 189472 188517 187972 187795 187786 187889 188313 176090 176090 176090 176090 0 176090 176090 176090 176090 176090 185231 185863 186904 188143 187518 186341 185486 185079 184994 185012 183464 184707 184544 183303 182276 181734 181602 181608 181788 182404 185184 184153 182983 182160 181807 181751 181786 182075 182816 183938 182390 182410 182694 183546 184755 183552 182717 182445 182428 182496 184215 184660 185564 186764 187294 186050 184983 184342 184132 184117
 183345 184362 185597 185415 184191 183222 182714 182588 182593 182765 181632 181935 182766 183958 185189 184492 183249 182161 181679 181603 186652 187582 188783 188703 187511 186605 186124 185993 185996 186144 188778 189954 190085 188890 187972 187467 187317 187314 187438 187899 176090 176090 176090 176090 176090 0 176090 176090 176090 176090 184237 184930 186016 187261 186341 185183 184370 184009 183946 183975 183315 184562 183855 182644 181734 181311 181232 181254 181503 182207 185187 183980 182841 182070 181751 181704 181747 182054 182811 183942 181240 181239 181455 182323 183552 184755 183831 183437 183382 181901 183082 183585 184549 185771 186050 184807 183753 183146 182965 182958
 183105 184170 185412 184790 183597 182714 182295 182209 182228 182453 180678 181133 182122 183359 184390 183249 183333 180979 180638 180607 186325 187291 188506 188155 186984 186124 185691 185586 185595 185773 188697 189881 189871 188689 187795 187317 187181 187182 187320 187801 176090 176090 176090 176090 176090 176090 0 176090 176090 176090 183673 184439 185569 186732 185486 184370 183634 183339 183300 183349 183316 184562 183620 182442 181602 181232 181169 181199 181473 182198 185220 183974 182843 182088 181786 181747 181798 182137 182943 184105 179994 179993 180340 181482 182717 183831 184755 184212 184047 182315 182329 182933 183975 185215 184983 183753 182771 182262 182140 182147
 183084 184159 185403 184584 183418 182588 182209 182139 182164 182411 180253 180866 181949 183195 183390 182161 180979 180281 180101 180099 186270 187249 188468 187979 186825 185993 185586 185493 185506 185698 188715 189902 189852 188673 187786 187314 187182 187183 187324 187813 176090 176090 176090 176090 176090 176090 176090 0 176090 176090 183503 184312 185463 186322 185079 184009 183339 183092 183066 183135 183471 184714 183601 182432 181608 181254 181199 181236 181539 182316 185346 184100 183004 182316 182075 182054 182137 182562 183469 184677 178942 179083 180035 181281 182445 183437 184212 184755 184540 183319 182036 182718 183806 185052 184342 183146 182262 181852 181773 181794
 183165 184267 185513 184570 183411 182593 182228 182164 182193 182458 180188 180847 181947 183194 182923 181679 180638 180101 179979 179989 186303 187293 188517 187970 186820 185996 185595 185506 185521 185720 188924 190123 189929 188758 187889 187438 187320 187324 187481 187996 176090 176090 176090 176090 176090 176090 176090 176090 0 176090 183497 184316 185473 186233 184994 183946 183300 183066 183044 183118 184044 184933 183689 182546 181788 181503 181473 181539 181934 182833 185839 184601 183572 182986 182816 182811 182943 183469 184463 185696 178553 178968 180040 181284 182428 183382 184047 184540 178617 178520 182001 182704 183802 185048 184132 182965 182140 181773 181708 181737
 183577 184732 185913 184668 183531 182765 182453 182411 182458 182785 180223 180947 182108 183347 182838 181603 180607 180099 179989 180001 186567 187590 188823 188076 186940 186144 185773 185698 185720 185945 189516 190729 190299 189146 188313 187899 187801 187813 187996 188552 176090 176090 176090 176090 176090 176090 176090 176090 176090 0 183618 184480 185659 186249 185012 183975 183349 183135 183118 183205 185079 185366 184121 183045 182404 182207 182198 182316 182833 183841 186777 185555 184588 184072 183938 183942 184105 184677 185696 186933 178526 183339 182358 181956 182496 181901 182315 183319 178520 178472 182059 182802 183932 185178 184117 182958 182147 181794 181737 181771
 184461 185657 186351 185106 184022 183345 183105 183084 183165 183577 180565 181524 182770 183944 182859 181632 180678 180253 180188 180223 187242 188304 189545 188509 187400 186652 186325 186270 186303 186567 190508 191731 191084 189952 189156 188778 188697 188715 188924 189516 0 176090 176090 176090 176090 176090 176090 176090 176090 176090 184101 185033 186242 186459 185231 184237 183673 183503 183497 183618 186320 186258 185024 184017 183464 183315 183316 183471 184044 185079 187988 186773 185823 185318 185184 185187 185220 185346 185839 186777 184755 184530 184070 183353 182390 181240 179994 178942 178553 178526 182421 183263 184447 185460 184215 183082 182329 182036 182001 182059
 184029 185119 184380 183992 182251 180838 180817 180934 181617 182798 180488 179854 179726 179736 179959 180695 181851 183092 182904 181800 184755 185922 184685 183676 183154 183039 183051 183268 183646 183956 189316 190080 188844 187810 187178 186948 186927 187000 187373 188175 184370 183634 183339 183300 183349 183673 184439 185569 186732 185486 176090 0 176090 176090 176090 176090 176090 176090 176090 176090 186381 185158 184189 183676 183542 183546 183707 184265 185262 186491 188739 187660 186958 186669 186628 186673 186972 187686 188772 189983 182298 181768 181632 181636 181802 182379 183400 184637 184527 183294 184056 177995 177947 178042 182784 181972 181678 182313 183114 183703
 183406 184380 185119 184626 182962 179670 179677 179979 180999 182245 180192 179726 179642 179664 179929 180698 181870 183106 182437 181195 183510 184685 185922 184888 184049 182986 182497 182413 182437 182717 188221 188844 187610 186587 185973 185761 185744 185829 186228 187062 184009 183339 183092 183066 183135 183503 184312 185463 186322 185079 176090 176090 0 176090 176090 176090 176090 176090 176090 176090 185388 184189 183295 182864 182773 182790 183008 183652 184712 185954 188002 186958 186305 186056 186028 186089 186430 187191 188306 189239 182096 181632 181526 181537 181732 182343 183381 184620 184233 183023 184061 177947 177926 184147 183912 183454 182797 182253 182464 183083
 183245 183992 184626 185119 179028 179001 179103 179742 180905 182142 180175 179736 179664 179694 180008 180906 182141 183337 182361 181133 182456 183676 184888 184292 183752 181961 181253 181181 181214 181554 187497 187810 186587 185603 185043 184867 184859 184971 185424 186311 183946 183300 183066 183044 183118 183497 184316 185473 186233 184994 176090 176090 176090 0 176090 176090 176090 176090 176090 176090 184835 183676 182864 182507 182447 182478 182748 183455 184552 185797 187682 186669 186056 185835 185814 185889 186259 187050 188181 188912 182086 181636 181537 181550 181759 182398 183466 184710 184197 182995 178327 178042 184147 184208 183932 183449 182742 181828 181169 181591
 182345 182251 182962 179028 178845 178846 179028 179744 180935 182161 180285 179959 179929 180008 184287 183353 183080 183605 182390 181173 181908 183154 184049 183752 184292 180558 180226 180203 180298 180837 187193 187178 185973 185043 184543 184404 184405 184548 185055 185989 183975 183349 183135 183118 183205 183618 184480 185659 186249 185012 176090 176090 176090 176090 0 176090 176090 176090 176090 176090 184675 183542 182773 182447 182396 182433 182721 183444 184548 185794 187629 186628 186028 185814 185795 185874 186251 187049 188184 188855 182197 181802 181732 181759 182026 182761 183895 185140 184252 183063 181350 182784 183912 183932 184208 183589 182792 181832 180743 180430
 182072 180838 179670 179001 178846 178851 179070 183034 182370 182460 180860 180695 180698 180906 183353 184287 184295 183930 182688 181542 181796 183039 182986 181961 180558 179879 179734 179740 179943 180652 187148 186948 185761 184867 184404 184284 184290 184451 184984 185937 184237 183673 183503 183497 183618 184101 185033 186242 186459 185231 176090 176090 176090 176090 176090 0 176090 176090 176090 176090 184671 183546 182790 182478 182433 182477 182789 183549 184680 185917 187663 186673 186089 185889 185874 185963 186361 187185 188336 188886 182682 182379 182343 182398 182761 183614 184804 185843 184599 183453 180708 181972 183454 183449 183589 184208 183211 182072 180841 180152
 182058 180817 179677 179103 179028 179070 185119 184662 184064 183176 181952 181851 181870 182141 183080 184295 185468 184749 183506 182472 181811 183051 182497 181253 180226 179734 179640 179658 179906 180651 187189 186927 185744 184859 184405 184290 184296 184464 185008 185972 184930 184439 184312 184316 184480 185033 186023 187250 187070 185863 176090 176090 176090 176090 176090 176090 0 176090 176090 176090 184802 183707 183008 182748 182721 182789 183167 184009 185185 186048 187930 186972 186430 186259 186251 186361 186804 187672 188847 189141 183636 183400 183381 183466 183895 184804 186013 186652 185406 184316 181284 181678 182797 182742 182792 183211 184208 182973 181812 181314
 182178 180934 179979 179742 179744 183034 184662 185119 184352 183355 183198 183092 183106 183337 183605 183930 184749 185924 184691 183698 182064 183268 182413 181181 180203 179740 179658 179683 179972 180836 187479 187000 185829 184971 184548 184451 184464 184658 185246 186250 186016 185569 185463 185473 185659 186242 187250 188481 188093 186904 176090 176090 176090 176090 176090 176090 176090 0 176090 176090 185303 184265 183652 183455 183444 183549 184009 184931 186140 186542 188602 187686 187191 187050 187049 187185 187672 188582 189776 189798 184856 184637 184620 184710 185140 185843 186652 187806 186563 185502 182295 182313 182253 181828 181832 182072 182973 184208 183057 182414
